0 
31 16

02 02 02 02 02 02 02 02 02 02 02 06 06 06 06 06 06 06 06 06 02 02 02 02 02 02 02 02 02 02 02 
02 02 02 02 02 02 02 02 02 02 04 01 13 11 09 01 13 11 09 01 16 02 02 02 02 02 02 02 02 02 02 
02 02 02 02 02 02 02 02 02 02 04 01 01 01 01 01 01 01 01 01 16 02 02 02 02 02 02 02 02 02 02 
02 02 02 02 02 02 02 02 02 02 04 01 01 01 01 01 01 01 01 01 16 02 02 02 02 02 02 02 02 02 02 
02 06 06 06 06 06 02 06 06 06 07 01 01 01 01 01 01 01 01 01 05 06 06 06 02 06 06 06 06 06 02 
04 14 18 18 18 10 04 15 01 01 01 01 01 01 01 01 01 01 01 01 01 01 01 15 16 14 17 12 17 10 16 
04 20 20 20 20 20 04 01 01 01 01 08 08 08 08 01 08 08 08 08 01 01 01 01 16 20 20 20 20 20 16 
04 20 20 20 20 20 04 01 01 01 01 01 01 01 01 01 01 01 01 01 01 01 01 01 16 20 20 20 20 20 16 
04 20 20 20 20 20 04 01 01 01 01 08 08 08 08 01 08 08 08 08 01 01 01 01 16 20 20 20 20 20 16 
04 20 20 20 20 20 01 01 01 01 01 01 01 01 01 01 01 01 01 01 01 01 01 01 01 20 20 20 20 20 16 
04 20 20 20 20 20 01 01 01 01 01 08 08 08 08 01 08 08 08 08 01 01 01 01 01 20 20 20 20 20 16 
04 20 20 20 20 20 04 01 01 01 01 01 01 01 01 01 01 01 01 01 01 01 01 01 16 20 20 20 20 20 16 
04 20 20 20 20 20 04 01 01 01 01 08 08 08 08 01 08 08 08 08 01 01 01 01 16 20 20 20 20 20 16 
04 20 20 20 20 20 04 01 01 01 01 01 01 01 01 01 01 01 01 01 01 01 01 01 16 20 20 20 20 20 16 
04 14 19 19 19 10 04 01 14 12 12 09 15 01 01 01 01 01 15 13 12 12 10 01 16 14 17 12 17 10 16 
02 03 03 03 03 03 02 03 03 03 03 03 03 03 03 03 03 03 03 03 03 03 03 03 02 03 03 03 03 03 02

4
object 1 5 assets/Graphics/objects/computers/mainframe_5_animation.txt mainframe
object 5 5 assets/Graphics/objects/computers/mainframe_5_animation.txt mainframe
object 29 5 assets/Graphics/objects/computers/mainframe_5_animation.txt mainframe
object 25 5 assets/Graphics/objects/computers/mainframe_5_animation.txt mainframe
