0 
31 16

02 02 02 02 02 02 02 02 02 02 06 09 09 09 09 09 09 09 09 09 08 02 02 02 02 02 02 02 02 02 02 
02 02 02 02 02 02 02 02 02 02 13 20 20 20 20 20 20 20 20 20 13 02 02 02 02 02 02 02 02 02 02 
02 02 02 02 02 02 02 02 02 02 13 00 00 00 00 00 00 00 00 00 13 02 02 02 02 02 02 02 02 02 02 
06 09 09 09 09 09 14 09 09 09 05 00 00 00 00 00 00 00 00 00 04 09 09 09 14 09 09 09 09 09 08 
13 20 20 20 20 20 13 20 20 20 20 16 09 09 09 09 09 09 09 18 20 20 20 20 13 20 20 20 20 20 13 
13 00 00 21 00 00 13 00 00 00 00 00 00 00 00 00 00 00 00 00 00 00 00 00 13 00 00 00 00 00 13 
13 00 00 00 00 00 13 00 00 00 00 00 00 00 00 00 00 00 00 00 00 00 00 00 13 00 00 00 00 00 13 
13 00 00 00 00 00 17 00 00 00 00 00 00 00 00 00 00 00 00 00 00 00 00 00 17 00 00 00 00 00 13 
13 00 00 00 00 00 20 00 00 00 00 00 00 00 00 00 00 00 00 00 00 00 00 00 20 00 00 00 00 00 13 
13 00 00 00 00 00 00 00 00 00 00 00 00 00 00 00 00 00 00 00 00 00 00 00 00 00 00 00 00 00 13 
13 00 00 00 00 00 00 00 00 00 00 00 00 00 00 00 00 00 00 00 00 00 00 00 00 00 00 00 00 00 13 
13 00 00 00 00 00 07 00 00 00 00 00 00 00 00 00 00 00 00 00 00 00 00 00 07 00 00 00 00 00 13 
13 00 00 00 00 00 13 00 00 00 00 00 00 00 00 00 00 00 00 00 00 00 00 00 13 00 00 00 00 00 13 
13 00 00 00 00 00 13 00 00 00 00 00 00 00 00 00 00 00 00 00 00 00 00 00 13 00 00 00 00 00 13 
04 09 09 09 09 09 10 09 09 09 09 09 09 09 09 09 09 09 09 09 09 09 09 09 10 09 09 09 09 09 05 
20 20 20 20 20 20 20 20 20 20 20 20 20 20 20 20 20 20 20 20 20 20 20 20 20 20 20 20 20 20 20 

11
stair 3 5 1.5 2 1
object 12 03 40 40 assets/Graphics/objects/npc/drums/drum_bl_animation.txt drum
object 13 03 40 40 assets/Graphics/objects/npc/drums/drum_br_animation.txt drum
object 12 02 40 40 assets/Graphics/objects/npc/drums/drum_tl_animation.txt drum
object 13 02 40 40 assets/Graphics/objects/npc/drums/drum_tr_animation.txt drum
object 17 03 40 40 assets/Graphics/objects/npc/piano/piano_bl_animation.txt play
object 18 03 40 40 assets/Graphics/objects/npc/piano/piano_br_animation.txt play
object 17 02 40 40 assets/Graphics/objects/npc/piano/piano_tl_animation.txt play
object 18 02 40 40 assets/Graphics/objects/npc/piano/piano_tr_animation.txt play
object 15 03 40 40 assets/Graphics/objects/npc/guitar/guitar_animation.txt guitar
sound 1
